bins:          500
Energy:        0.120743 pm 0.00088647
Variance TotE: 0.278058 pm 0.0832778
