bins:          5000
Energy:        -0.0014896 pm 2.27548e-06
Variance TotE: 0.309847 pm 7.81283e-05
