bins:          500
Energy:        -0.00275321 pm 0.000217424
Variance TotE: 0.0350497 pm 0.00270322
