bins:          500
Energy:        0.0214634 pm 0.00217184
Variance TotE: 0.722803 pm 0.0921232
