bins:          500
Energy:        -0.00177632 pm 0.000457703
Variance TotE: 0.0659249 pm 0.0108726
