bins:          500
Energy:        -0.00312382 pm 0.000130459
Variance TotE: 0.0232848 pm 0.00150923
