bins:          500
Energy:        -0.00358841 pm 6.207e-05
Variance TotE: 0.0105116 pm 0.000652551
