bins:          500
Energy:        -0.135824 pm 0.0163426
Variance TotE: 44547.8 pm 3180.17
