bins:          500
Energy:        0.0867252 pm 0.0016764
Variance TotE: 1.07091 pm 0.124589
