bins:          500
Energy:        -0.00346677 pm 4.40223e-05
Variance TotE: 0.0139935 pm 0.000474869
