bins:          500
Energy:        0.00919768 pm 0.00153703
Variance TotE: 0.357144 pm 0.0521704
