bins:          500
Energy:        -0.0026673 pm 0.000221377
Variance TotE: 0.0314845 pm 0.0025949
