bins:          500
Energy:        0.095913 pm 0.00224771
Variance TotE: 0.715367 pm 0.180017
