bins:          500
Energy:        0.110589 pm 0.00157622
Variance TotE: 0.401013 pm 0.1385
