bins:          500
Energy:        0.0378027 pm 0.00713905
Variance TotE: 7324.11 pm 439.374
