bins:          5000
Energy:        0.00252748 pm 2.94833e-06
Variance TotE: 0.494395 pm 0.000638064
