bins:          500
Energy:        -0.00305131 pm 4.96237e-05
Variance TotE: 0.0214854 pm 0.000593185
