bins:     10000
Energy:   2.72353 pm 8.32942e-05
Specific: 1.41707 pm 0.0203594
