bins:     10000
Energy:   2.90971 pm 0.000169868
Specific: 1.07731 pm 0.00823463
