bins:     10000
Energy:   2.5748 pm 7.93558e-05
Specific: 1.86226 pm 0.0273811
