bins:     10000
Energy:   2.48764 pm 7.63796e-05
Specific: 2.18132 pm 0.0322373
