bins:          500
Energy:        0.106401 pm 0.00189318
Variance TotE: 0.526841 pm 0.161549
