bins:          5000
Energy:        -0.001997 pm 2.2013e-06
Variance TotE: 0.298179 pm 5.47572e-05
