bins:          500
Energy:        0.121132 pm 0.000607286
Variance TotE: 0.185794 pm 0.0549615
