bins:     5000
Energy:   1.56073 pm 6.82319e-05
Specific: 10.9392 pm 0.682491
