bins:          500
Energy:        -0.00322165 pm 9.75462e-05
Variance TotE: 0.0191852 pm 0.00109009
