bins:          500
Energy:        -0.00358548 pm 5.25817e-05
Variance TotE: 0.00956448 pm 0.000548609
