bins:          500
Energy:        0.0786416 pm 0.00217025
Variance TotE: 66.9979 pm 4.05338
