bins:     10000
Energy:   1.51662 pm 7.14699e-05
Specific: 10.5323 pm 0.293752
