bins:          500
Energy:        0.052758 pm 0.00453187
Variance TotE: 2593.83 pm 152.912
