bins:     10000
Energy:   1.80311 pm 0.000128063
Specific: 7.85983 pm 0.083293
