bins:          500
Energy:        0.0539342 pm 0.00277117
Variance TotE: 1.03984 pm 0.16154
