bins:          500
Energy:        -0.00360228 pm 5.72321e-05
Variance TotE: 0.00995005 pm 0.000600042
