bins:     10000
Energy:   2.29602 pm 0.00013606
Specific: 3.38397 pm 0.0282462
