bins:          500
Energy:        0.0502488 pm 0.00514249
Variance TotE: 3724.59 pm 302.127
