bins:          500
Energy:        -0.00258725 pm 0.000222761
Variance TotE: 0.0352694 pm 0.00271277
