bins:          500
Energy:        0.117608 pm 0.00102383
Variance TotE: 0.210088 pm 0.0945045
