bins:          500
Energy:        0.00308891 pm 0.000199372
Variance TotE: 0.274742 pm 0.00944013
