bins:          500
Energy:        0.00175023 pm 0.000980891
Variance TotE: 0.163876 pm 0.0292222
