bins:          500
Energy:        0.100781 pm 0.00214078
Variance TotE: 0.669704 pm 0.177403
