bins:          500
Energy:        0.11195 pm 0.00157378
Variance TotE: 1.27428 pm 0.159261
