bins:          500
Energy:        -0.00319415 pm 0.000145214
Variance TotE: 0.0206996 pm 0.00163313
