bins:     10000
Energy:   1.98386 pm 6.72513e-05
Specific: 5.36181 pm 0.090395
