bins:          500
Energy:        -0.00246183 pm 0.000348007
Variance TotE: 0.0412937 pm 0.00837201
