bins:          500
Energy:        0.120809 pm 0.000436267
Variance TotE: 2.21173 pm 0.113494
