bins:          500
Energy:        -0.00200737 pm 2.18881e-06
Variance TotE: 3.30223 pm 0.00159495
