bins:     10000
Energy:   1.29422 pm 6.22517e-05
Specific: 18.6782 pm 0.874508
