bins:          500
Energy:        0.00103215 pm 0.000904234
Variance TotE: 0.153564 pm 0.0281849
