bins:     10000
Energy:   2.76135 pm 0.000437574
Specific: 0.498806 pm 0.00149044
