bins:          10000
Energy:        -0.0159966 pm 1.56716e-06
Variance TotE: 0.00865196 pm 1.03019e-06
