bins:          500
Energy:        0.0747744 pm 0.00228995
Variance TotE: 34.6632 pm 2.34209
