bins:          500
Energy:        -0.00131297 pm 2.50695e-06
Variance TotE: 4.27881 pm 0.011467
