bins:          500
Energy:        0.0537964 pm 0.002735
Variance TotE: 1.01984 pm 0.159222
