bins:          500
Energy:        0.024525 pm 0.00155244
Variance TotE: 25.9362 pm 4.26951
