bins:     10000
Energy:   2.27652 pm 7.22519e-05
Specific: 3.18566 pm 0.0495989
