bins:          500
Energy:        0.0662589 pm 0.00277938
Variance TotE: 1.0507 pm 0.179806
