bins:          500
Energy:        0.113279 pm 0.00150809
Variance TotE: 0.704676 pm 0.14034
