bins:          500
Energy:        0.062409 pm 0.0026981
Variance TotE: 1.00797 pm 0.169136
