bins:          500
Energy:        0.0018573 pm 0.000118778
Variance TotE: 0.240642 pm 0.005423
