bins:     10000
Energy:   2.45214 pm 0.00040358
Specific: 0.761896 pm 0.00226958
