bins:          500
Energy:        -0.00189187 pm 2.21928e-06
Variance TotE: 3.59936 pm 0.00367619
