bins:          500
Energy:        -0.00235332 pm 0.000346041
Variance TotE: 0.0409608 pm 0.00756481
