bins:          500
Energy:        -0.0033132 pm 9.4049e-05
Variance TotE: 0.0194216 pm 0.00106394
