bins:          500
Energy:        0.111438 pm 0.00155844
Variance TotE: 0.54108 pm 0.135856
