bins:          500
Energy:        0.119057 pm 0.00166875
Variance TotE: 29.4686 pm 1.47818
