bins:          500
Energy:        0.0106627 pm 0.00244151
Variance TotE: 1109.84 pm 94.8791
