bins:          5000
Energy:        -0.000923586 pm 2.40207e-06
Variance TotE: 0.327404 pm 0.000117952
