bins:          500
Energy:        0.0159703 pm 0.00193039
Variance TotE: 0.573308 pm 0.0787211
