bins:          500
Energy:        0.0168509 pm 0.0019339
Variance TotE: 0.536362 pm 0.0752251
