jxy= -0.100000000000000 
jz=1.00000000000000
(Ground state energy)/nh= -0.266784942114669
nh=16
H= \sum_{<i,j>} ( 0.5*jxy*( S+S- + S-S+ )+ jz*( Sz Sz ) )



