bins:          500
Energy:        -0.00204097 pm 0.000201311
Variance TotE: 0.0616787 pm 0.00385282
