bins:     10000
Energy:   3.04283 pm 0.000175635
Specific: 0.809741 pm 0.00604641
