bins:          500
Energy:        0.104764 pm 0.00185255
Variance TotE: 68.2434 pm 3.60949
