bins:          500
Energy:        0.000225663 pm 0.000728866
Variance TotE: 0.110739 pm 0.0206897
