bins:          500
Energy:        0.0877841 pm 0.0023952
Variance TotE: 0.819257 pm 0.182534
