bins:          500
Energy:        -0.00376813 pm 2.2297e-05
Variance TotE: 0.00669183 pm 0.000219867
