bins:          500
Energy:        0.0285281 pm 0.00107723
Variance TotE: 0.950514 pm 0.052467
