bins:          500
Energy:        0.0540902 pm 0.00156813
Variance TotE: 1.22567 pm 0.0942803
