bins:          500
Energy:        -0.00378438 pm 4.43231e-05
Variance TotE: 0.00961262 pm 0.000459875
