bins:     10000
Energy:   3.11555 pm 0.000179051
Specific: 0.683703 pm 0.0050454
