bins:          500
Energy:        0.0602704 pm 0.00211567
Variance TotE: 34.3515 pm 2.94451
