bins:          500
Energy:        0.00804565 pm 0.00149475
Variance TotE: 0.335955 pm 0.0500305
