bins:          10000
Energy:        -0.0161716 pm 1.14793e-06
Variance TotE: 0.00633852 pm 1.04351e-05
