bins:          500
Energy:        -0.0037581 pm 5.3488e-05
Variance TotE: 0.0106454 pm 0.000576745
