bins:          500
Energy:        -0.000845919 pm 3.0303e-06
Variance TotE: 4.63531 pm 0.0261511
