bins:          500
Energy:        -0.00343043 pm 0.114607
Variance TotE: 2.02638e+06 pm 1.50763e+06
