bins:          500
Energy:        -0.00346797 pm 0.000102228
Variance TotE: 0.0150471 pm 0.00110405
