bins:          500
Energy:        0.0767517 pm 0.00254871
Variance TotE: 5.9521 pm 0.435364
