bins:          500
Energy:        0.0409931 pm 0.00250113
Variance TotE: 0.889967 pm 0.127886
