bins:          500
Energy:        -0.00246469 pm 0.000277039
Variance TotE: 0.0455733 pm 0.00376004
