bins:     10000
Energy:   3.14754 pm 0.000184135
Specific: 0.631534 pm 0.00473714
