bins:          500
Energy:        0.0997231 pm 0.00195447
Variance TotE: 28.4309 pm 1.45049
