bins:     5000
Energy:   2.01678 pm 6.42305e-05
Specific: 5.54166 pm 0.207518
