bins:          500
Energy:        0.116738 pm 0.00124926
Variance TotE: 0.321716 pm 0.114089
