bins:          500
Energy:        0.0818558 pm 0.00216794
Variance TotE: 120.494 pm 8.50392
