bins:          500
Energy:        0.049603 pm 0.00264178
Variance TotE: 0.976737 pm 0.147505
