bins:          500
Energy:        -0.00368365 pm 2.3933e-05
Variance TotE: 0.00652919 pm 0.000242135
