bins:          500
Energy:        -0.00295929 pm 0.000121632
Variance TotE: 0.0355411 pm 0.00170031
