bins:          500
Energy:        -0.00274757 pm 0.000227978
Variance TotE: 0.031928 pm 0.00269422
