bins:          500
Energy:        0.0665743 pm 0.00245037
Variance TotE: 4.64211 pm 0.391494
