bins:          500
Energy:        0.0816635 pm 0.00255693
Variance TotE: 2.58701 pm 0.256822
