bins:          500
Energy:        0.0994873 pm 0.00221336
Variance TotE: 1.41503 pm 0.201399
