bins:          500
Energy:        0.0628567 pm 0.00278573
Variance TotE: 1.07408 pm 0.175844
