bins:     10000
Energy:   2.89844 pm 8.87041e-05
Specific: 1.00674 pm 0.0142424
