bins:          500
Energy:        0.113672 pm 0.00144259
Variance TotE: 0.334484 pm 0.128623
