bins:     10000
Energy:   2.94699 pm 9.05267e-05
Specific: 0.909063 pm 0.0128772
