bins:          500
Energy:        0.0125795 pm 0.00169923
Variance TotE: 0.435636 pm 0.0610635
