bins:     5000
Energy:   2.7422 pm 7.88939e-05
Specific: 1.48739 pm 0.0458902
