bins:          500
Energy:        -0.00344393 pm 1.49351e-05
Variance TotE: 0.0101101 pm 0.000172252
