bins:          500
Energy:        0.0358956 pm 0.00253312
Variance TotE: 0.885761 pm 0.12377
