bins:          500
Energy:        0.0913723 pm 0.00237962
Variance TotE: 3.65088 pm 0.29902
