bins:          500
Energy:        0.078686 pm 0.00229241
Variance TotE: 1.17893 pm 0.164866
