bins:          500
Energy:        0.0233852 pm 0.001486
Variance TotE: 0.817815 pm 0.0704552
