bins:          500
Energy:        0.111043 pm 0.00153887
Variance TotE: 0.576351 pm 0.134087
