bins:     10000
Energy:   2.40667 pm 0.000139728
Specific: 2.76536 pm 0.0223668
