bins:     5000
Energy:   2.17432 pm 6.51137e-05
Specific: 4.17782 pm 0.145291
