bins:     10000
Energy:   2.18689 pm 0.000369233
Specific: 1.02213 pm 0.00302841
