bins:          500
Energy:        -0.00304027 pm 3.10452e-05
Variance TotE: 0.0188903 pm 0.000390797
