bins:          500
Energy:        0.0624955 pm 0.00275797
Variance TotE: 1.04362 pm 0.173991
