bins:     10000
Energy:   1.54211 pm 0.000133307
Specific: 10.9152 pm 0.166604
