bins:          500
Energy:        -5.05178e-06 pm 7.87085e-05
Variance TotE: 0.125096 pm 0.00671866
