bins:          500
Energy:        0.124641 pm 1.15748e-05
Variance TotE: 0.0139614 pm 0.00103164
