bins:          500
Energy:        0.108799 pm 0.00185272
Variance TotE: 2.36639 pm 0.21489
