bins:          500
Energy:        0.0021729 pm 0.00096616
Variance TotE: 0.162152 pm 0.0275676
