bins:          500
Energy:        0.0407379 pm 0.00668393
Variance TotE: 6911.73 pm 491.857
