bins:          500
Energy:        0.0888363 pm 0.00175328
Variance TotE: 296.513 pm 12.5325
