bins:          500
Energy:        -0.000769111 pm 0.000567836
Variance TotE: 0.0793731 pm 0.015468
