bins:          500
Energy:        0.0908414 pm 0.00244009
Variance TotE: 1.39857 pm 0.204617
