bins:          500
Energy:        0.110184 pm 0.0017059
Variance TotE: 0.887464 pm 0.158011
