bins:          500
Energy:        0.0848205 pm 0.00258675
Variance TotE: 0.933004 pm 0.192387
