bins:          500
Energy:        0.0300992 pm 0.00239684
Variance TotE: 0.800443 pm 0.110202
