bins:          500
Energy:        0.122702 pm 0.000384476
Variance TotE: 0.12777 pm 0.036983
