bins:          500
Energy:        0.123614 pm 4.71963e-05
Variance TotE: 0.203678 pm 0.00821889
