bins:          500
Energy:        -0.00343444 pm 4.54213e-05
Variance TotE: 0.013742 pm 0.000477719
