bins:     10000
Energy:   2.80981 pm 0.000439915
Specific: 0.462423 pm 0.00137387
