bins:     10000
Energy:   2.16552 pm 0.000129807
Specific: 4.28442 pm 0.0366025
