bins:          500
Energy:        0.0133629 pm 0.000592985
Variance TotE: 0.59338 pm 0.0257911
