bins:          500
Energy:        0.124645 pm 1.15741e-05
Variance TotE: 0.0139615 pm 0.00103172
