bins:          500
Energy:        0.124646 pm 1.1574e-05
Variance TotE: 0.0139615 pm 0.00103173
