bins:     10000
Energy:   2.78737 pm 8.49699e-05
Specific: 1.25497 pm 0.0178619
