bins:          500
Energy:        -0.0026763 pm 0.000255854
Variance TotE: 0.0365128 pm 0.00314153
