bins:     5000
Energy:   2.86207 pm 8.42968e-05
Specific: 1.18152 pm 0.0366179
