bins:          500
Energy:        0.000497091 pm 0.000116395
Variance TotE: 0.14957 pm 0.00829024
