bins:          500
Energy:        -0.00254366 pm 0.000380962
Variance TotE: 0.0415359 pm 0.00968295
