bins:          500
Energy:        -0.003106 pm 0.000210383
Variance TotE: 0.0231481 pm 0.00400295
