bins:          500
Energy:        0.0263196 pm 0.0060486
Variance TotE: 6967.02 pm 328.356
