bins:          500
Energy:        -0.00330775 pm 9.53082e-05
Variance TotE: 0.0193605 pm 0.00108996
