bins:          500
Energy:        0.0856883 pm 0.00169808
Variance TotE: 1.09381 pm 0.125618
