bins:          500
Energy:        0.112618 pm 0.00156338
Variance TotE: 0.418877 pm 0.139813
