bins:          500
Energy:        -0.00241274 pm 0.000101861
Variance TotE: 0.0383266 pm 0.00153417
