bins:          500
Energy:        -0.0036637 pm 1.83241e-05
Variance TotE: 0.00586424 pm 0.000190934
