bins:          500
Energy:        -0.00349137 pm 8.20253e-05
Variance TotE: 0.0128772 pm 0.000866098
