bins:          500
Energy:        0.059487 pm 0.0027836
Variance TotE: 1.12954 pm 0.171745
