bins:          500
Energy:        0.0784159 pm 0.0026844
Variance TotE: 1.02056 pm 0.191277
