bins:          500
Energy:        0.0718606 pm 0.00209741
Variance TotE: 106.948 pm 9.04678
