bins:          500
Energy:        -0.00235246 pm 0.000117088
Variance TotE: 0.038497 pm 0.00167502
