bins:     10000
Energy:   2.80004 pm 0.000161978
Specific: 1.34052 pm 0.0102794
