bins:          500
Energy:        0.124647 pm 1.15739e-05
Variance TotE: 0.0139615 pm 0.00103175
