bins:          500
Energy:        0.102108 pm 0.00707422
Variance TotE: 6694.78 pm 536.852
