bins:          500
Energy:        -0.0031969 pm 0.000123404
Variance TotE: 0.0227494 pm 0.00143404
