bins:     10000
Energy:   3.00192 pm 0.000174872
Specific: 0.887587 pm 0.00670274
