bins:          500
Energy:        -0.00357272 pm 7.8183e-05
Variance TotE: 0.0124548 pm 0.000846213
