bins:     10000
Energy:   0.181099 pm 0.000237197
Specific: 3.94897 pm 0.008712
