bins:     5000
Energy:   3.15082 pm 9.08494e-05
Specific: 0.625689 pm 0.0183614
