bins:          500
Energy:        -0.0213034 pm 0.0059967
Variance TotE: 6019.65 pm 269.426
