bins:          500
Energy:        -0.00344502 pm 2.95041e-05
Variance TotE: 0.011856 pm 0.000317798
