bins:          500
Energy:        -0.00131139 pm 0.000590562
Variance TotE: 0.0758783 pm 0.0167466
