bins:     10000
Energy:   2.28448 pm 0.000381995
Specific: 0.923656 pm 0.00274868
