bins:          500
Energy:        0.118747 pm 0.0011122
Variance TotE: 0.296504 pm 0.103155
