bins:          500
Energy:        0.124632 pm 1.15761e-05
Variance TotE: 0.0139614 pm 0.00103149
