bins:          500
Energy:        -0.00232134 pm 0.000298723
Variance TotE: 0.0496884 pm 0.0041514
