bins:          500
Energy:        0.115225 pm 0.00135705
Variance TotE: 0.446521 pm 0.124441
