bins:          500
Energy:        0.0783082 pm 0.00264046
Variance TotE: 0.968865 pm 0.187701
