bins:          500
Energy:        0.124643 pm 1.15744e-05
Variance TotE: 0.0139614 pm 0.00103169
