bins:          500
Energy:        0.1225 pm 0.000258823
Variance TotE: 0.104039 pm 0.027137
