bins:     10000
Energy:   1.3222 pm 7.14779e-05
Specific: 18.1131 pm 0.307261
