bins:     5000
Energy:   3.08383 pm 8.91952e-05
Specific: 0.735386 pm 0.021804
