bins:          500
Energy:        0.109704 pm 0.00158057
Variance TotE: 21.491 pm 1.06215
