bins:     10000
Energy:   2.70912 pm 0.000432624
Specific: 0.5399 pm 0.00161368
