bins:          500
Energy:        0.00402686 pm 0.00113619
Variance TotE: 0.221704 pm 0.0354013
