bins:          500
Energy:        0.00224967 pm 0.000260051
Variance TotE: 0.217461 pm 0.0133606
