bins:     10000
Energy:   1.00748 pm 0.000278418
Specific: 3.12266 pm 0.00765835
