bins:          500
Energy:        0.00994784 pm 0.000794125
Variance TotE: 0.476103 pm 0.0350335
