bins:          500
Energy:        0.00440354 pm 0.000417314
Variance TotE: 0.295639 pm 0.019497
