bins:          500
Energy:        0.119874 pm 0.000602245
Variance TotE: 0.122781 pm 0.0610154
