bins:          500
Energy:        0.103738 pm 0.0020083
Variance TotE: 0.594817 pm 0.168563
