bins:     10000
Energy:   3.08042 pm 0.000181387
Specific: 0.742714 pm 0.00563341
