bins:          500
Energy:        0.0125056 pm 0.000907302
Variance TotE: 5.12794 pm 1.59162
