bins:          500
Energy:        -0.003584 pm 6.39367e-05
Variance TotE: 0.0107427 pm 0.000667752
