bins:     10000
Energy:   2.65292 pm 8.16976e-05
Specific: 1.61337 pm 0.023534
