bins:          500
Energy:        -0.00281417 pm 0.000212599
Variance TotE: 0.0352009 pm 0.0026913
