bins:          500
Energy:        -0.00283258 pm 0.000263317
Variance TotE: 0.0282064 pm 0.00520209
