bins:     3219
Energy:   3.13914 pm 0.000171186
Specific: 0.587545 pm 0.0146049
