bins:          500
Energy:        -0.0034081 pm 4.78529e-05
Variance TotE: 0.01405 pm 0.00052681
