bins:          500
Energy:        0.12464 pm 1.1575e-05
Variance TotE: 0.0139614 pm 0.00103162
