bins:          500
Energy:        -0.0023148 pm 0.000139965
Variance TotE: 0.0495578 pm 0.00241491
