bins:     10000
Energy:   2.37362 pm 0.000390389
Specific: 0.837715 pm 0.00247245
