bins:          500
Energy:        0.0911256 pm 0.00228159
Variance TotE: 0.758049 pm 0.177476
