bins:          500
Energy:        0.100289 pm 0.00151857
Variance TotE: 0.812058 pm 0.123295
