bins:          32
Energy:        0.000315625 pm 2.91163e-05
Variance TotE: 0.376595 pm 0.00297306
