bins:          500
Energy:        -0.00322867 pm 9.30579e-05
Variance TotE: 0.0187114 pm 0.0010317
