bins:          500
Energy:        0.123391 pm 0.000281046
Variance TotE: 0.274569 pm 0.0300454
