bins:          500
Energy:        0.058369 pm 0.00249125
Variance TotE: 727.216 pm 51.3373
