bins:          500
Energy:        0.100592 pm 0.00213891
Variance TotE: 0.93412 pm 0.183594
