bins:          500
Energy:        0.112085 pm 0.00150943
Variance TotE: 0.357425 pm 0.133457
