bins:          500
Energy:        0.121312 pm 0.000642635
Variance TotE: 0.14402 pm 0.0605233
