bins:          500
Energy:        0.122852 pm 0.000562831
Variance TotE: 0.533576 pm 0.0599777
