bins:          500
Energy:        0.0203778 pm 0.00136053
Variance TotE: 0.761363 pm 0.0633789
