bins:          10000
Energy:        -0.0151848 pm 2.69115e-06
Variance TotE: 0.0206013 pm 2.8029e-05
