bins:          500
Energy:        0.0360674 pm 0.0021303
Variance TotE: 21.6889 pm 2.28831
