bins:          500
Energy:        0.0916963 pm 0.00228445
Variance TotE: 360.027 pm 22.0209
