bins:          500
Energy:        -0.00286014 pm 0.000240478
Variance TotE: 0.028157 pm 0.00455904
