bins:          500
Energy:        0.0866243 pm 0.00239935
Variance TotE: 0.82161 pm 0.180987
