bins:          500
Energy:        0.0024987 pm 0.000185562
Variance TotE: 0.250425 pm 0.00882173
