bins:          500
Energy:        0.0735153 pm 0.00268227
Variance TotE: 1.96197 pm 0.225517
