bins:          500
Energy:        0.0734697 pm 0.00245181
Variance TotE: 17.3333 pm 1.15084
