bins:     10000
Energy:   1.7781 pm 6.9605e-05
Specific: 7.46631 pm 0.149047
