bins:          500
Energy:        0.00670333 pm 0.0184128
Variance TotE: 35198.5 pm 3831.31
