bins:          500
Energy:        0.0787238 pm 0.00230253
Variance TotE: 1.18201 pm 0.165475
