bins:          500
Energy:        0.0664338 pm 0.00272143
Variance TotE: 1.02165 pm 0.176157
