bins:          500
Energy:        0.0562483 pm 0.00271475
Variance TotE: 1.01372 pm 0.16177
