bins:          500
Energy:        0.0365599 pm 0.00252935
Variance TotE: 0.879794 pm 0.124747
