bins:          500
Energy:        0.112607 pm 0.00152487
Variance TotE: 0.884979 pm 0.145114
