bins:          5000
Energy:        0.00103639 pm 2.6779e-06
Variance TotE: 0.413103 pm 0.000358129
