bins:          10000
Energy:        -0.0121979 pm 5.15723e-06
Variance TotE: 0.0619353 pm 8.79865e-05
