bins:          500
Energy:        0.102121 pm 0.00191484
Variance TotE: 0.794538 pm 0.159344
