bins:          500
Energy:        0.11141 pm 0.0017641
Variance TotE: 3.73601 pm 0.266813
