bins:          500
Energy:        0.0955109 pm 0.00222431
Variance TotE: 0.713432 pm 0.178088
