bins:          10000
Energy:        -0.0160989 pm 1.30043e-06
Variance TotE: 0.00742541 pm 1.422e-05
