bins:          500
Energy:        0.0965158 pm 0.00228675
Variance TotE: 0.733683 pm 0.184729
