bins:          5000
Energy:        -0.00345573 pm 2.05059e-06
Variance TotE: 0.311718 pm 6.94968e-05
