bins:          10000
Energy:        -0.00991612 pm 6.4872e-06
Variance TotE: 0.0921907 pm 0.000166177
