bins:          500
Energy:        0.0986856 pm 0.00221547
Variance TotE: 0.707966 pm 0.181184
