bins:     5000
Energy:   1.81562 pm 6.45091e-05
Specific: 7.70121 pm 0.333638
