bins:          500
Energy:        -0.00327665 pm 7.69159e-05
Variance TotE: 0.0170107 pm 0.000840486
