bins:          500
Energy:        0.0111562 pm 0.00171601
Variance TotE: 0.423127 pm 0.0609509
