bins:          500
Energy:        0.121289 pm 0.000677404
Variance TotE: 36.5655 pm 1.42147
