bins:          500
Energy:        0.00346235 pm 0.000776378
Variance TotE: 0.434372 pm 0.0859958
