bins:          500
Energy:        0.119366 pm 0.000879404
Variance TotE: 0.17167 pm 0.0829482
