bins:          5000
Energy:        -0.00376759 pm 2.04436e-06
Variance TotE: 0.352182 pm 0.000177208
