bins:          500
Energy:        0.00577024 pm 0.000223091
Variance TotE: 0.377478 pm 0.00934
