bins:          500
Energy:        -0.0235958 pm 0.00632294
Variance TotE: 7009.49 pm 708.541
