bins:          500
Energy:        0.118217 pm 0.00113387
Variance TotE: 0.303698 pm 0.104627
