bins:          500
Energy:        -0.00336148 pm 4.86583e-05
Variance TotE: 0.0139327 pm 0.000524047
