bins:     5000
Energy:   2.30355 pm 6.67461e-05
Specific: 3.30573 pm 0.109586
