bins:          500
Energy:        -0.00127872 pm 0.000642992
Variance TotE: 0.0805874 pm 0.0177294
