bins:          500
Energy:        0.107776 pm 0.00171384
Variance TotE: 10.1082 pm 0.52997
