bins:          500
Energy:        0.0503132 pm 0.0022358
Variance TotE: 143.837 pm 10.0084
