bins:          500
Energy:        0.0732388 pm 0.00209809
Variance TotE: 384.402 pm 20.3728
