bins:          500
Energy:        3.66003e-05 pm 0.000825998
Variance TotE: 0.118989 pm 0.0236528
