bins:          500
Energy:        -0.0027019 pm 0.000124797
Variance TotE: 0.0290037 pm 0.0014724
