bins:          500
Energy:        0.0332451 pm 0.00236095
Variance TotE: 3.19245 pm 0.331598
