bins:          500
Energy:        0.0550646 pm 0.00219042
Variance TotE: 297.909 pm 21.5403
