bins:     10000
Energy:   2.59193 pm 0.000419923
Specific: 0.637986 pm 0.00190115
