bins:          500
Energy:        0.0970157 pm 0.00520438
Variance TotE: 3734.1 pm 244.049
