bins:          500
Energy:        0.000990305 pm 0.000953761
Variance TotE: 0.149752 pm 0.0275561
