bins:          500
Energy:        0.123453 pm 5.02239e-05
Variance TotE: 0.293121 pm 0.0122416
