bins:          500
Energy:        0.0238371 pm 0.00225658
Variance TotE: 0.713018 pm 0.0972757
