bins:     10000
Energy:   2.65347 pm 0.000424212
Specific: 0.586514 pm 0.00174333
