bins:          500
Energy:        0.120739 pm 0.000438401
Variance TotE: 2.41473 pm 0.124041
