bins:     10000
Energy:   2.00687 pm 0.000126812
Specific: 5.67376 pm 0.0517066
