bins:     10000
Energy:   1.2784 pm 0.0002774
Specific: 2.37481 pm 0.00631241
