bins:          500
Energy:        0.102159 pm 0.0020651
Variance TotE: 1.07994 pm 0.183934
