bins:          500
Energy:        -0.00017189 pm 6.12245e-05
Variance TotE: 0.115859 pm 0.00599773
