bins:          500
Energy:        0.0921796 pm 0.00235025
Variance TotE: 2.35882 pm 0.240853
