bins:     5000
Energy:   3.11879 pm 8.86893e-05
Specific: 0.677214 pm 0.0196701
