bins:          500
Energy:        -0.0029503 pm 0.00019604
Variance TotE: 0.0274093 pm 0.00228608
