bins:          500
Energy:        0.0933467 pm 0.00229442
Variance TotE: 4.03649 pm 0.308805
