bins:     10000
Energy:   1.95987 pm 0.000337472
Specific: 1.27357 pm 0.00371781
