bins:          500
Energy:        0.0418069 pm 0.00254969
Variance TotE: 1.14215 pm 0.139299
