bins:     10000
Energy:   0.636966 pm 0.000296775
Specific: 4.35066 pm 0.00950256
