bins:          500
Energy:        0.105402 pm 0.00160106
Variance TotE: 11.0443 pm 0.584228
