bins:     5000
Energy:   3.04657 pm 8.8771e-05
Specific: 0.801511 pm 0.0240236
