bins:          500
Energy:        0.106648 pm 0.00183939
Variance TotE: 0.520767 pm 0.157606
