bins:          500
Energy:        -0.003515 pm 6.44039e-05
Variance TotE: 0.0111338 pm 0.00067941
