bins:          500
Energy:        0.118642 pm 0.00107535
Variance TotE: 0.289024 pm 0.0994061
