bins:          500
Energy:        -0.000698062 pm 0.00067431
Variance TotE: 0.0938152 pm 0.0180325
