bins:          500
Energy:        0.0329011 pm 0.0312549
Variance TotE: 76941.8 pm 15283.6
