bins:          500
Energy:        0.104471 pm 0.00199221
Variance TotE: 0.780136 pm 0.172303
