bins:          500
Energy:        0.0931897 pm 0.00223968
Variance TotE: 9.39803 pm 0.61819
