bins:          500
Energy:        0.0742027 pm 0.00261034
Variance TotE: 3.58368 pm 0.316845
