bins:          500
Energy:        -0.00944407 pm 0.0125701
Variance TotE: 18436.9 pm 3294.53
