bins:          500
Energy:        0.100218 pm 0.00214566
Variance TotE: 0.669067 pm 0.176764
