bins:          500
Energy:        0.109811 pm 0.00172989
Variance TotE: 0.497758 pm 0.15175
