bins:          500
Energy:        0.0050157 pm 0.0012907
Variance TotE: 0.25639 pm 0.0412115
