bins:          500
Energy:        0.0648554 pm 0.00276976
Variance TotE: 1.22921 pm 0.182846
