bins:          500
Energy:        -0.00366026 pm 5.89311e-05
Variance TotE: 0.0102053 pm 0.000606406
