bins:          500
Energy:        0.0184766 pm 0.00201352
Variance TotE: 0.574685 pm 0.0808099
