bins:          500
Energy:        0.0318244 pm 0.0119438
Variance TotE: 18152.1 pm 1578.2
