bins:          500
Energy:        0.0403704 pm 0.00254628
Variance TotE: 0.903968 pm 0.130176
