bins:          500
Energy:        0.0887562 pm 0.00250184
Variance TotE: 0.906352 pm 0.191724
