bins:          500
Energy:        0.122964 pm 0.000188696
Variance TotE: 0.107866 pm 0.0201214
