bins:          500
Energy:        -0.00220852 pm 0.000385438
Variance TotE: 0.0442998 pm 0.00880072
