bins:          500
Energy:        0.113201 pm 0.00143577
Variance TotE: 0.498939 pm 0.126409
