bins:     5000
Energy:   2.41407 pm 7.0115e-05
Specific: 2.70671 pm 0.0886563
