bins:          500
Energy:        -0.00366072 pm 8.96254e-06
Variance TotE: 0.00460106 pm 7.43379e-05
