bins:          500
Energy:        -0.00261441 pm 0.000446187
Variance TotE: 0.0473967 pm 0.0114627
