bins:          500
Energy:        0.00417696 pm 0.000401001
Variance TotE: 0.284444 pm 0.0186191
