bins:          500
Energy:        0.110429 pm 0.00168598
Variance TotE: 1.02945 pm 0.159755
