bins:          500
Energy:        -0.00202356 pm 2.21349e-06
Variance TotE: 3.05435 pm 0.00150794
