bins:          500
Energy:        0.00308992 pm 0.00112501
Variance TotE: 0.203471 pm 0.0353477
