bins:          10000
Energy:        -0.00710025 pm 7.61668e-06
Variance TotE: 0.127546 pm 0.000328216
