bins:          500
Energy:        -0.00333504 pm 7.48691e-05
Variance TotE: 0.0166453 pm 0.000821243
