bins:          500
Energy:        0.117218 pm 0.00116101
Variance TotE: 0.265732 pm 0.106796
