bins:          500
Energy:        0.113423 pm 0.00151025
Variance TotE: 0.391844 pm 0.135492
