bins:          500
Energy:        0.0456968 pm 0.00263006
Variance TotE: 0.963083 pm 0.141353
