bins:          500
Energy:        0.124001 pm 7.03949e-05
Variance TotE: 0.378166 pm 0.0158789
