bins:          500
Energy:        0.110604 pm 0.00152108
Variance TotE: 18.3001 pm 0.834696
