bins:          500
Energy:        -0.00155311 pm 1.9466e-05
Variance TotE: 0.0741788 pm 0.00203677
