bins:          500
Energy:        -0.00269914 pm 0.000139323
Variance TotE: 0.030486 pm 0.0016645
