bins:          500
Energy:        0.0520432 pm 0.0037239
Variance TotE: 2149.16 pm 133.857
