bins:          500
Energy:        -0.00166571 pm 2.31365e-06
Variance TotE: 3.9045 pm 0.00685698
