bins:          500
Energy:        -0.00369345 pm 1.10154e-05
Variance TotE: 0.00494403 pm 0.000100565
