bins:          500
Energy:        -0.056743 pm 0.0856078
Variance TotE: 673147 pm 220661
