bins:          500
Energy:        0.0191246 pm 0.0978424
Variance TotE: 1.47761e+06 pm 1.09935e+06
