bins:          500
Energy:        0.000364531 pm 0.000681196
Variance TotE: 0.103638 pm 0.0182048
