bins:          500
Energy:        0.104218 pm 0.00141894
Variance TotE: 0.721198 pm 0.117676
