bins:          500
Energy:        0.00289306 pm 0.0103377
Variance TotE: 14502.2 pm 912.298
