bins:          500
Energy:        0.0746364 pm 0.002344
Variance TotE: 1.21342 pm 0.163591
