bins:          500
Energy:        0.101458 pm 0.00210915
Variance TotE: 48.2865 pm 3.15416
