bins:          500
Energy:        0.12462 pm 1.45794e-05
Variance TotE: 0.0347666 pm 0.0211021
