bins:          500
Energy:        0.0488426 pm 0.00275226
Variance TotE: 1.06049 pm 0.154146
