bins:          500
Energy:        0.121941 pm 0.000759856
Variance TotE: 0.161066 pm 0.0775394
