bins:          500
Energy:        0.101358 pm 0.00264945
Variance TotE: 728.095 pm 44.3384
