bins:          500
Energy:        0.0635817 pm 0.00279224
Variance TotE: 1.12676 pm 0.179581
