bins:     10000
Energy:   2.85743 pm 0.000168115
Specific: 1.1967 pm 0.00928592
