bins:          500
Energy:        -0.00366453 pm 2.83852e-05
Variance TotE: 0.00693153 pm 0.000285745
