bins:          500
Energy:        -0.00367246 pm 6.35252e-06
Variance TotE: 0.00427951 pm 5.33084e-05
