bins:          500
Energy:        0.0967389 pm 0.00203898
Variance TotE: 158.622 pm 8.85045
