bins:          500
Energy:        0.124637 pm 1.15753e-05
Variance TotE: 0.0139614 pm 0.00103158
