bins:     10000
Energy:   2.59031 pm 0.000150893
Specific: 1.98551 pm 0.0157412
