bins:     5000
Energy:   2.51052 pm 7.26068e-05
Specific: 2.27353 pm 0.0730794
