bins:          500
Energy:        -0.00203687 pm 0.000149498
Variance TotE: 0.0387002 pm 0.00194689
