bins:          500
Energy:        -0.0036676 pm 1.95402e-05
Variance TotE: 0.00606684 pm 0.000207409
