bins:          500
Energy:        0.023281 pm 0.00221175
Variance TotE: 0.719205 pm 0.0972058
