bins:     10000
Energy:   0.001408 pm 2.40673e-05
Specific: 0.140662 pm 0.00241506
