bins:          5000
Energy:        -0.00367882 pm 1.91308e-06
Variance TotE: 0.403227 pm 0.000469168
