bins:          500
Energy:        0.105819 pm 0.00379206
Variance TotE: 1950.64 pm 91.0181
