bins:          500
Energy:        -0.00362896 pm 9.29477e-05
Variance TotE: 0.0148118 pm 0.00101481
