bins:          500
Energy:        0.112493 pm 0.00152353
Variance TotE: 0.912118 pm 0.146055
