bins:          500
Energy:        -0.0263999 pm 0.0057827
Variance TotE: 6258.53 pm 265.436
