bins:          500
Energy:        0.0373686 pm 0.0025851
Variance TotE: 1.00269 pm 0.132885
