bins:     10000
Energy:   3.07104 pm 9.40243e-05
Specific: 0.692307 pm 0.0096742
