bins:          500
Energy:        -0.000214931 pm 0.000716873
Variance TotE: 0.103478 pm 0.0198955
