bins:          500
Energy:        -0.00294185 pm 6.16921e-05
Variance TotE: 0.0218721 pm 0.000716341
