bins:     5000
Energy:   3.00604 pm 8.61683e-05
Specific: 0.876879 pm 0.0259629
