bins:     10000
Energy:   2.50424 pm 0.000145792
Specific: 2.32043 pm 0.0185936
