bins:          500
Energy:        -0.0034665 pm 3.15723e-05
Variance TotE: 0.0124076 pm 0.000356005
