bins:     10000
Energy:   2.99171 pm 9.14911e-05
Specific: 0.826177 pm 0.0116127
