bins:          500
Energy:        0.103586 pm 0.00287168
Variance TotE: 800.205 pm 45.6796
