bins:          500
Energy:        -0.000394312 pm 0.000609609
Variance TotE: 0.0863354 pm 0.0160723
