bins:          500
Energy:        -0.0364356 pm 0.0363005
Variance TotE: 106719 pm 17007.9
