bins:     5000
Energy:   2.80485 pm 8.08771e-05
Specific: 1.32173 pm 0.0404185
