bins:          500
Energy:        0.0581966 pm 0.00217226
Variance TotE: 161.978 pm 9.84549
