bins:          5000
Energy:        -0.000315062 pm 2.53508e-06
Variance TotE: 0.350661 pm 0.000174725
