bins:          500
Energy:        0.100289 pm 0.00210994
Variance TotE: 4.31498 pm 0.321731
