bins:     100000
Energy:   0.181238 pm 7.46693e-05
Specific: 3.95221 pm 0.00274299
