bins:          7
Energy:        -0.00379427 pm 3.21652e-05
Variance TotE: 0.346282 pm 0.00836877
