bins:          252
Energy:        -0.00118793 pm 3.57784e-05
Variance TotE: 0.0368869 pm 0.00247093
