bins:          500
Energy:        0.0781876 pm 0.00255732
Variance TotE: 4.65062 pm 0.392139
