bins:          500
Energy:        0.003479 pm 0.000345697
Variance TotE: 0.261607 pm 0.0161408
