bins:          500
Energy:        0.00377654 pm 0.00117527
Variance TotE: 0.217711 pm 0.036315
