bins:          500
Energy:        0.115262 pm 0.00136019
Variance TotE: 0.375779 pm 0.123532
