bins:          500
Energy:        0.113993 pm 0.00146469
Variance TotE: 1.09975 pm 0.148815
