bins:          500
Energy:        0.100712 pm 0.00221824
Variance TotE: 1.43638 pm 0.202137
