bins:          500
Energy:        -0.00239124 pm 9.54762e-05
Variance TotE: 0.0353965 pm 0.0013678
