bins:          500
Energy:        -0.00365333 pm 2.31344e-05
Variance TotE: 0.00639118 pm 0.00023123
