bins:          500
Energy:        0.0251189 pm 0.00159541
Variance TotE: 0.875807 pm 0.0760516
