bins:          500
Energy:        -0.00372341 pm 3.71737e-05
Variance TotE: 0.00807803 pm 0.000390571
