bins:          500
Energy:        0.11172 pm 0.00167816
Variance TotE: 0.948459 pm 0.157712
