bins:          500
Energy:        0.0868581 pm 0.00219012
Variance TotE: 24.8712 pm 1.4266
