bins:          500
Energy:        0.075582 pm 0.00271352
Variance TotE: 1.09438 pm 0.19166
