bins:          500
Energy:        -0.00312804 pm 0.000119358
Variance TotE: 0.0220229 pm 0.001359
