bins:     5000
Energy:   2.59613 pm 7.37144e-05
Specific: 1.94825 pm 0.06063
