bins:     5000
Energy:   2.91424 pm 8.28564e-05
Specific: 1.06316 pm 0.0316053
