bins:          500
Energy:        0.0654525 pm 0.0206817
Variance TotE: 58531 pm 29266
