bins:          500
Energy:        0.0455886 pm 0.00148011
Variance TotE: 1.17255 pm 0.082779
