bins:          500
Energy:        -0.0036798 pm 2.45096e-05
Variance TotE: 0.00655306 pm 0.000244214
