bins:          500
Energy:        0.124636 pm 1.15754e-05
Variance TotE: 0.0139614 pm 0.00103157
