bins:          500
Energy:        0.113062 pm 0.00110056
Variance TotE: 0.491251 pm 0.0942428
