bins:          500
Energy:        -0.00371453 pm 2.92079e-05
Variance TotE: 0.00714945 pm 0.000303017
