bins:     10000
Energy:   1.66981 pm 0.000305734
Specific: 1.64579 pm 0.00472064
