bins:          500
Energy:        -0.00293241 pm 8.10828e-05
Variance TotE: 0.0243093 pm 0.00099223
