bins:          500
Energy:        0.113372 pm 0.00147859
Variance TotE: 2.14623 pm 0.178843
