bins:          500
Energy:        0.112586 pm 0.00164784
Variance TotE: 1.34801 pm 0.168207
