bins:          500
Energy:        -0.0034692 pm 1.84041e-05
Variance TotE: 0.010725 pm 0.000197506
