bins:     5000
Energy:   1.34618 pm 5.76054e-05
Specific: 20.1667 pm 1.98916
