bins:          500
Energy:        0.120019 pm 0.000967212
Variance TotE: 0.250057 pm 0.08852
