bins:          500
Energy:        0.0659711 pm 0.0027373
Variance TotE: 1112.89 pm 52.9353
