bins:     10000
Energy:   2.66737 pm 0.00015397
Specific: 1.72139 pm 0.0134014
