bins:          500
Energy:        -0.00353784 pm 8.46314e-05
Variance TotE: 0.0128497 pm 0.000897338
