bins:          500
Energy:        0.0734139 pm 0.00205522
Variance TotE: 304.915 pm 15.9571
