bins:          500
Energy:        0.120826 pm 0.000886997
Variance TotE: 0.287958 pm 0.0835064
