bins:          500
Energy:        -0.00329393 pm 8.53942e-05
Variance TotE: 0.0179126 pm 0.0009468
