bins:          500
Energy:        -0.00194081 pm 2.16425e-06
Variance TotE: 2.85512 pm 0.000666117
