bins:     10000
Energy:   2.07862 pm 0.000352535
Specific: 1.13544 pm 0.00332927
