bins:          500
Energy:        0.111261 pm 0.00141759
Variance TotE: 0.343914 pm 0.127883
