bins:     5000
Energy:   2.67298 pm 7.64046e-05
Specific: 1.69028 pm 0.0523841
