bins:          500
Energy:        0.00925707 pm 0.00149322
Variance TotE: 0.345414 pm 0.0502509
