bins:          500
Energy:        -0.00339804 pm 0.114583
Variance TotE: 2.02553e+06 pm 1.507e+06
