bins:          500
Energy:        0.112872 pm 0.00181231
Variance TotE: 14.3611 pm 0.786374
