bins:     10000
Energy:   2.5255 pm 0.000411234
Specific: 0.696101 pm 0.00206437
