bins:          500
Energy:        -0.00309933 pm 0.000168405
Variance TotE: 0.0234645 pm 0.00190659
