bins:          500
Energy:        0.119881 pm 0.000742674
Variance TotE: 0.145996 pm 0.070149
