bins:     10000
Energy:   2.84535 pm 8.7386e-05
Specific: 1.11893 pm 0.0159681
