bins:     10000
Energy:   2.14457 pm 6.93337e-05
Specific: 4.04281 pm 0.0645303
