bins:          500
Energy:        0.112483 pm 0.0013742
Variance TotE: 0.327869 pm 0.123093
