bins:          500
Energy:        -0.00372043 pm 2.25552e-05
Variance TotE: 0.00641228 pm 0.000232039
