bins:     5000
Energy:   2.96206 pm 8.63852e-05
Specific: 0.962342 pm 0.0291995
