bins:          500
Energy:        -0.00165278 pm 0.000503084
Variance TotE: 0.0629394 pm 0.0124055
