bins:          500
Energy:        0.047977 pm 0.00219065
Variance TotE: 1.18468 pm 0.126414
