bins:          500
Energy:        0.00562415 pm 0.00134324
Variance TotE: 0.273568 pm 0.0439497
