bins:          500
Energy:        0.118591 pm 0.000995646
Variance TotE: 13.2771 pm 0.56132
