bins:          500
Energy:        0.120066 pm 0.000966513
Variance TotE: 0.248477 pm 0.0887008
