bins:          500
Energy:        -0.00313078 pm 0.000138579
Variance TotE: 0.0247305 pm 0.00160788
