bins:          500
Energy:        0.0223068 pm 0.00212163
Variance TotE: 0.643216 pm 0.088208
