bins:     10000
Energy:   2.95788 pm 0.000172678
Specific: 0.974662 pm 0.00741201
