bins:          500
Energy:        0.00764577 pm 0.0251041
Variance TotE: 70636.7 pm 9104.55
