bins:          500
Energy:        0.0307027 pm 0.00243357
Variance TotE: 0.815707 pm 0.11204
