bins:          500
Energy:        0.121111 pm 0.00103408
Variance TotE: 1.87988 pm 0.142241
