bins:          500
Energy:        0.11463 pm 0.00133346
Variance TotE: 1.23397 pm 0.142656
