bins:          5000
Energy:        -0.00284968 pm 2.09231e-06
Variance TotE: 0.293181 pm 4.16789e-05
