bins:          500
Energy:        -0.00622894 pm 0.127041
Variance TotE: 716515 pm 474170
