bins:          5000
Energy:        -0.00276756 pm 2.47011e-06
Variance TotE: 0.472376 pm 0.00126681
