bins:          10000
Energy:        -0.00378506 pm 8.80735e-06
Variance TotE: 0.166618 pm 0.000841408
