bins:          500
Energy:        0.0976057 pm 0.0020033
Variance TotE: 0.916627 pm 0.162185
