bins:          500
Energy:        -0.06398 pm 0.025545
Variance TotE: 76484.7 pm 11453.1
