bins:          500
Energy:        0.0981773 pm 0.0219734
Variance TotE: 38214.7 pm 14841.2
