bins:          500
Energy:        -0.00268858 pm 0.000180344
Variance TotE: 0.0382012 pm 0.00243737
