bins:          500
Energy:        0.118603 pm 0.00103878
Variance TotE: 0.233125 pm 0.0961934
