bins:          500
Energy:        0.117652 pm 0.00125078
Variance TotE: 0.669159 pm 0.120207
