bins:          500
Energy:        0.0815883 pm 0.002603
Variance TotE: 0.928676 pm 0.189436
