bins:          10000
Energy:        -0.0156104 pm 2.1324e-06
Variance TotE: 0.0145779 pm 2.23264e-05
