bins:          500
Energy:        -0.00366486 pm 1.24274e-05
Variance TotE: 0.00507995 pm 0.000117188
