bins:          500
Energy:        0.0541238 pm 0.00242296
Variance TotE: 23.7695 pm 2.00792
