bins:          500
Energy:        0.0945248 pm 0.00373805
Variance TotE: 1632.11 pm 117.569
