bins:          500
Energy:        0.117276 pm 0.00103564
Variance TotE: 9.81755 pm 0.452795
