bins:          500
Energy:        0.12209 pm 0.000528696
Variance TotE: 0.162854 pm 0.0504291
