bins:          500
Energy:        0.124642 pm 1.15745e-05
Variance TotE: 0.0139614 pm 0.00103167
