bins:          500
Energy:        0.124635 pm 1.15757e-05
Variance TotE: 0.0139614 pm 0.00103154
