bins:     10000
Energy:   1.49179 pm 0.000284807
Specific: 1.93532 pm 0.00531369
