bins:          500
Energy:        0.0952987 pm 0.0207198
Variance TotE: 60358.6 pm 27517
