bins:          500
Energy:        0.123196 pm 0.00036183
Variance TotE: 0.23732 pm 0.0363301
