bins:          500
Energy:        0.122695 pm 0.000449489
Variance TotE: 0.195287 pm 0.0436948
