bins:          500
Energy:        -0.00280709 pm 0.0001797
Variance TotE: 0.0293411 pm 0.00214089
