bins:          500
Energy:        0.115708 pm 0.00110697
Variance TotE: 0.234538 pm 0.10059
