bins:          500
Energy:        -0.003126 pm 6.35228e-05
Variance TotE: 0.0292197 pm 0.000862775
