bins:          500
Energy:        -0.00367104 pm 3.976e-05
Variance TotE: 0.0082122 pm 0.000405922
