bins:          500
Energy:        0.074109 pm 0.00270652
Variance TotE: 1.02099 pm 0.186631
