bins:          500
Energy:        -0.00370092 pm 1.12779e-05
Variance TotE: 0.00511586 pm 0.000116033
