bins:     10000
Energy:   1.82386 pm 0.00032143
Specific: 1.43829 pm 0.00417447
