bins:          500
Energy:        -0.00177132 pm 2.35768e-06
Variance TotE: 2.71501 pm 0.000425249
