bins:          500
Energy:        0.0897086 pm 0.00245024
Variance TotE: 1.5882 pm 0.212427
