bins:          500
Energy:        -0.00369745 pm 2.58328e-05
Variance TotE: 0.00686656 pm 0.000275225
