bins:          500
Energy:        -0.0034374 pm 1.93847e-05
Variance TotE: 0.0106568 pm 0.000222171
