bins:          500
Energy:        0.121454 pm 0.000590542
Variance TotE: 0.174178 pm 0.0536283
