bins:          500
Energy:        0.126098 pm 0.000128478
Variance TotE: 0.609852 pm 0.0271849
