bins:          500
Energy:        0.1132 pm 0.00150706
Variance TotE: 0.715481 pm 0.140178
