bins:          500
Energy:        0.113201 pm 0.00143574
Variance TotE: 0.498247 pm 0.126383
