bins:          500
Energy:        0.096472 pm 0.00227853
Variance TotE: 0.768654 pm 0.183684
