bins:          500
Energy:        0.116777 pm 0.00133138
Variance TotE: 0.486113 pm 0.123257
