bins:          500
Energy:        0.046302 pm 0.00218778
Variance TotE: 1.17382 pm 0.124378
