bins:          500
Energy:        0.0223565 pm 0.00213988
Variance TotE: 0.652186 pm 0.0885685
