bins:          500
Energy:        -0.00366313 pm 9.4564e-06
Variance TotE: 0.00489191 pm 0.000103633
