bins:          500
Energy:        0.120041 pm 0.00097174
Variance TotE: 0.244192 pm 0.0892786
