bins:          500
Energy:        0.113566 pm 0.00144758
Variance TotE: 0.335253 pm 0.129122
