bins:          500
Energy:        0.0998678 pm 0.00193613
Variance TotE: 0.581382 pm 0.161095
