bins:          500
Energy:        0.0335696 pm 0.00118363
Variance TotE: 1.03024 pm 0.0600716
