bins:          500
Energy:        0.123844 pm 0.000190042
Variance TotE: 0.0970667 pm 0.0330714
