bins:     10000
Energy:   3.03289 pm 9.33307e-05
Specific: 0.75505 pm 0.010637
