bins:          500
Energy:        0.103654 pm 0.00175401
Variance TotE: 0.775632 pm 0.146853
