bins:          500
Energy:        0.0199657 pm 0.000666407
Variance TotE: 0.811238 pm 0.0450672
