bins:          500
Energy:        0.124639 pm 1.09264e-05
Variance TotE: 0.0129531 pm 0.000974902
