bins:          500
Energy:        0.118878 pm 0.000956635
Variance TotE: 2.61139 pm 0.172322
