bins:     10000
Energy:   2.73701 pm 0.000158502
Specific: 1.51146 pm 0.0116892
