bins:          500
Energy:        0.0798374 pm 0.0124675
Variance TotE: 17709.9 pm 3616.31
