bins:          500
Energy:        0.0794874 pm 0.00256967
Variance TotE: 0.922021 pm 0.184743
