bins:          500
Energy:        0.0834217 pm 0.00258168
Variance TotE: 0.940303 pm 0.189997
