bins:          500
Energy:        0.110417 pm 0.00217881
Variance TotE: 440.37 pm 20.7808
