bins:     10000
Energy:   3.10641 pm 9.64974e-05
Specific: 0.636482 pm 0.0090165
