bins:          500
Energy:        -0.00357364 pm 5.27358e-05
Variance TotE: 0.00961661 pm 0.000542012
