bins:          10000
Energy:        -0.0139562 pm 3.87714e-06
Variance TotE: 0.0379636 pm 4.92133e-05
