bins:          500
Energy:        0.124621 pm 1.46668e-05
Variance TotE: 0.0354281 pm 0.0217594
