bins:          500
Energy:        0.124644 pm 1.15743e-05
Variance TotE: 0.0139615 pm 0.0010317
