bins:          500
Energy:        -0.00220918 pm 0.000361892
Variance TotE: 0.0472818 pm 0.00951204
