bins:          500
Energy:        -0.00368955 pm 3.2925e-05
Variance TotE: 0.00739131 pm 0.000332624
