bins:          500
Energy:        0.105547 pm 0.00182622
Variance TotE: 99.3947 pm 4.73935
