bins:          500
Energy:        0.104261 pm 0.00195937
Variance TotE: 0.565227 pm 0.164954
